88938.0
89039.0
89101.0
89076.0
89099.0
89237.0
89408.0
89537.0
89629.0
89623.0
89646.0
89785.0
89885.0
89890.0
89881.0
89848.0
89867.0
90004.0
90068.0
90078.0
90074.0
90098.0
90201.0
90233.0
90268.0
90334.0
90378.0
90404.0
90407.0
90472.0
90476.0
90528.0
90526.0
90563.0
90715.0
90828.0
90935.0
91029.0
91041.0
91029.0
91040.0
91092.0
91100.0
91219.0
91351.0
91352.0
91549.0
91628.0
91587.0
91506.0
91404.0
91442.0
91543.0
91677.0
91681.0
91720.0
91832.0
91806.0
91804.0
91878.0
91929.0
91902.0
91927.0
92018.0
92069.0
92073.0
92075.0
92135.0
92176.0
92215.0
92285.0
92266.0
92320.0
92338.0
92311.0
92360.0
92411.0
92495.0
92509.0
92500.0
92586.0
92667.0
92646.0
92649.0
92689.0
92674.0
92663.0
92655.0
92630.0
92687.0
92809.0
92894.0
92898.0
92789.0
92748.0
92807.0
92831.0
92839.0
92876.0
92904.0
92875.0
92975.0
93039.0
93090.0
93175.0
93232.0
93228.0
93148.0
93044.0
93050.0
93111.0
93145.0
93078.0
93041.0
93113.0
93107.0
93079.0
93063.0
93059.0
93039.0
93085.0
93075.0
93069.0
93102.0
93048.0
93046.0
93057.0
93104.0
93115.0
93128.0
93138.0
93170.0
93202.0
93234.0
93204.0
93053.0
92933.0
92908.0
92939.0
92996.0
92910.0
92845.0
92840.0
92873.0
92880.0
92778.0
92721.0
92737.0
92735.0
92718.0
92666.0
92583.0
92569.0
92571.0
92649.0
92720.0
92694.0
92607.0
92633.0
92560.0
92542.0
92458.0
92355.0
92309.0
92281.0
92247.0
92164.0
92136.0
92069.0
91963.0
91877.0
91829.0
91756.0
91719.0
91665.0
91654.0
91713.0
91782.0
91723.0
91659.0
91686.0
91637.0
91576.0
91482.0
91372.0
91343.0
91307.0
91151.0
91050.0
90938.0
90721.0
90599.0
90554.0
90477.0
90280.0
90033.0
89709.0
89388.0
88956.0
88608.0
88213.0
87792.0
87245.0
86632.0
85764.0
84795.0
83710.0
82694.0
81665.0
80791.0
80063.0
79335.0
78759.0
78428.0
78154.0
77920.0
77635.0
77421.0
77538.0
78636.0
79988.0
81316.0
82423.0
83548.0
84968.0
86479.0
87740.0
88534.0
88990.0
89272.0
89501.0
89711.0
89976.0
90226.0
90493.0
90629.0
90723.0
90787.0
90844.0
91000.0
91176.0
91319.0
91518.0
91721.0
91870.0
91968.0
92168.0
92362.0
92514.0
92644.0
92638.0
92730.0
92839.0
92864.0
92866.0
92853.0
92794.0
92821.0
93008.0
93040.0
93028.0
92985.0
92938.0
92962.0
92998.0
93075.0
93143.0
93201.0
93190.0
93131.0
93089.0
93045.0
93056.0
93016.0
92954.0
92887.0
92801.0
92798.0
92830.0
92835.0
92857.0
92899.0
92945.0
93109.0
93200.0
93211.0
93202.0
93184.0
93149.0
93214.0
93320.0
93342.0
93386.0
93355.0
93375.0
93487.0
93575.0
93626.0
93614.0
93603.0
93558.0
93503.0
93451.0
93353.0
93300.0
93362.0
93366.0
93318.0
93308.0
93410.0
93532.0
93511.0
93514.0
93619.0
93635.0
93607.0
93565.0
93534.0
93562.0
93666.0
93764.0
93781.0
93735.0
93735.0
93611.0
93418.0
93349.0
93426.0
93545.0
93654.0
93781.0
93883.0
93949.0
93912.0
93750.0
93639.0
93404.0
93008.0
92502.0
92021.0
92136.0
92506.0
93064.0
93314.0
93428.0
93568.0
93585.0
93633.0
93676.0
93700.0
93772.0
93784.0
93820.0
93852.0
93832.0
93804.0
93654.0
93493.0
93269.0
92795.0
92108.0
91609.0
91435.0
91485.0
91497.0
91551.0
91501.0
91494.0
91521.0
91581.0
91617.0
91716.0
91794.0
91818.0
91829.0
91810.0
91851.0
91825.0
91818.0
91858.0
91932.0
92131.0
92293.0
92441.0
92641.0
92762.0
92856.0
92982.0
93074.0
93145.0
93143.0
93130.0
93084.0
93046.0
92963.0
92876.0
92851.0
92852.0
92916.0
92970.0
92970.0
92930.0
92868.0
92840.0
92714.0
92527.0
92334.0
92023.0
91731.0
91461.0
91386.0
91322.0
91245.0
91219.0
91215.0
91246.0
91256.0
91243.0
91230.0
91138.0
91109.0
91120.0
91174.0
91261.0
91362.0
91421.0
91471.0
91454.0
91449.0
91428.0
91454.0
91465.0
91427.0
91372.0
91338.0
91351.0
91382.0
91334.0
91208.0
91207.0
91343.0
91566.0
91764.0
91824.0
91887.0
91916.0
91975.0
92086.0
92167.0
92246.0
92241.0
92295.0
92297.0
92302.0
92294.0
92271.0
92267.0
92251.0
92124.0
92029.0
91936.0
91883.0
91892.0
91946.0
91945.0
91973.0
92035.0
92019.0
92000.0
91979.0
91971.0
91969.0
91982.0
91989.0
91951.0
91941.0
92048.0
92134.0
92266.0
92274.0
92166.0
92084.0
92022.0
91956.0
91874.0
91778.0
91760.0
91755.0
91795.0
91780.0
91833.0
91919.0
91954.0
91962.0
91936.0
91835.0
91711.0
91644.0
91562.0
91414.0
91317.0
91300.0
91347.0
91384.0
91397.0
91376.0
91307.0
91265.0
91193.0
91231.0
91230.0
91178.0
91121.0
91041.0
91039.0
91027.0
91039.0
91063.0
91116.0
91106.0
91027.0
90948.0
90745.0
90394.0
89932.0
89404.0
89072.0
88953.0
88902.0
88912.0
88931.0
89028.0
89123.0
89139.0
89185.0
89134.0
89126.0
89152.0
89193.0
89181.0
89107.0
89102.0
89242.0
89485.0
89733.0
89925.0
90081.0
90149.0
90174.0
90220.0
90261.0
90313.0
90322.0
90287.0
90188.0
90101.0
89935.0
89840.0
89730.0
89532.0
89326.0
89064.0
88726.0
88576.0
88574.0
88529.0
88496.0
88487.0
88460.0
88346.0
88200.0
88078.0
88019.0
87924.0
87755.0
87712.0
87759.0
87728.0
87636.0
87629.0
87627.0
87620.0
87658.0
87618.0
87580.0
87650.0
87692.0
87708.0
87725.0
87666.0
87583.0
87526.0
87584.0
87682.0
87740.0
87636.0
87629.0
87779.0
87788.0
87733.0
87683.0
87686.0
87671.0
87791.0
88028.0
88178.0
88329.0
88365.0
88320.0
88289.0
88243.0
88218.0
88148.0
88146.0
88169.0
88201.0
88154.0
88140.0
88075.0
88061.0
88064.0
88076.0
87942.0
87845.0
87796.0
87729.0
87753.0
87801.0
87833.0
87847.0
87790.0
87765.0
87652.0
87528.0
87441.0
87431.0
87448.0
87492.0
87504.0
87452.0
87333.0
87204.0
87144.0
87109.0
87080.0
87085.0
87145.0
87138.0
87123.0
87052.0
87001.0
87056.0
87098.0
87094.0
87133.0
87134.0
87120.0
87094.0
87033.0
86913.0
86915.0
86939.0
87023.0
87086.0
87054.0
87029.0
87013.0
86966.0
86916.0
86872.0
86808.0
86747.0
86747.0
86774.0
86841.0
86800.0
86789.0
86803.0
86803.0
86748.0
86664.0
86683.0
86688.0
86628.0
86656.0
86620.0
86615.0
86725.0
86825.0
86834.0
86754.0
86734.0
86724.0
86763.0
86814.0
86757.0
86636.0
86530.0
86505.0
86492.0
86526.0
86537.0
86519.0
86390.0
86013.0
85549.0
85000.0
84424.0
84070.0
83842.0
83764.0
83814.0
83822.0
83820.0
83810.0
83875.0
83846.0
83766.0
83604.0
83445.0
83296.0
83259.0
83315.0
83298.0
83171.0
83075.0
83012.0
82993.0
82993.0
82980.0
82805.0
82757.0
82778.0
82687.0
82601.0
82518.0
82426.0
82324.0
82304.0
82335.0
82234.0
82166.0
82100.0
81933.0
81858.0
81841.0
81827.0
81745.0
81689.0
81563.0
81442.0
81329.0
81212.0
81223.0
81327.0
81372.0
81345.0
81218.0
81031.0
80899.0
80748.0
80656.0
80625.0
80738.0
80771.0
80719.0
80660.0
80635.0
80568.0
80475.0
80400.0
80359.0
80364.0
80377.0
80286.0
80216.0
80138.0
80165.0
80184.0
80147.0
80068.0
79964.0
79786.0
79663.0
79685.0
79714.0
79685.0
79666.0
79562.0
79422.0
79352.0
79300.0
79360.0
79361.0
79286.0
79219.0
79237.0
79247.0
79183.0
79158.0
79203.0
79086.0
78920.0
78785.0
78718.0
78663.0
78632.0
78595.0
78366.0
78205.0
78110.0
78093.0
78161.0
78218.0
78145.0
77995.0
78005.0
78005.0
78064.0
78078.0
