114411.0
113575.0
113719.0
113683.0
113555.0
113537.0
113657.0
113846.0
113977.0
114064.0
114108.0
114280.0
114394.0
114524.0
114654.0
115066.0
115477.0
115648.0
115650.0
115667.0
115694.0
115474.0
115215.0
115178.0
115255.0
115376.0
115611.0
115770.0
115747.0
115540.0
115449.0
115383.0
115300.0
115305.0
115400.0
115633.0
115837.0
115920.0
116082.0
116154.0
116284.0
116234.0
116185.0
116095.0
115951.0
115834.0
115791.0
115752.0
115860.0
116073.0
116271.0
116442.0
116603.0
116750.0
116822.0
116788.0
116796.0
116862.0
117006.0
117050.0
117257.0
117514.0
117725.0
117857.0
117914.0
117963.0
118286.0
118568.0
118735.0
118845.0
118973.0
119015.0
118998.0
118926.0
118909.0
118924.0
118888.0
118779.0
118505.0
118297.0
118238.0
118217.0
118624.0
119211.0
119720.0
119998.0
120056.0
120036.0
120067.0
120325.0
120359.0
120407.0
120352.0
120291.0
120264.0
120520.0
120798.0
121007.0
121122.0
121274.0
121369.0
121499.0
121481.0
121368.0
121137.0
120998.0
121011.0
121212.0
121278.0
121302.0
121516.0
121627.0
121761.0
122074.0
122148.0
122085.0
121936.0
121914.0
122151.0
122503.0
122752.0
122876.0
122937.0
122970.0
123129.0
123396.0
123574.0
123814.0
123937.0
124077.0
124234.0
124421.0
124683.0
124899.0
125060.0
125177.0
125316.0
125443.0
125551.0
125625.0
125576.0
125512.0
125325.0
125320.0
125552.0
126089.0
126732.0
127174.0
127470.0
127698.0
128059.0
128343.0
128530.0
128594.0
128554.0
128474.0
128614.0
128691.0
128999.0
129433.0
129923.0
130390.0
130983.0
131556.0
132215.0
132763.0
133016.0
133239.0
133591.0
133890.0
134196.0
134270.0
134277.0
134311.0
134464.0
134771.0
135258.0
135823.0
136316.0
136611.0
136834.0
136932.0
137175.0
137540.0
137832.0
137885.0
137888.0
138119.0
138447.0
138928.0
139150.0
139089.0
138940.0
138896.0
138849.0
138699.0
138547.0
138436.0
138265.0
138153.0
138104.0
138234.0
138670.0
139234.0
139677.0
140084.0
140456.0
140779.0
141113.0
141437.0
141596.0
141612.0
141700.0
141993.0
142296.0
142670.0
142796.0
142880.0
142894.0
142994.0
142958.0
142835.0
142691.0
142689.0
142685.0
142578.0
142429.0
142321.0
142113.0
141970.0
141734.0
141662.0
141673.0
141662.0
141599.0
141558.0
141464.0
141307.0
141255.0
141190.0
141006.0
141033.0
141175.0
141335.0
141264.0
141127.0
140905.0
140580.0
140418.0
140206.0
140046.0
139893.0
139736.0
139584.0
139454.0
139332.0
139224.0
139083.0
138968.0
138876.0
138739.0
138549.0
138397.0
138245.0
138183.0
138120.0
138126.0
137943.0
137744.0
137737.0
137829.0
137794.0
137701.0
137453.0
137263.0
137150.0
137296.0
137478.0
137581.0
137531.0
137512.0
137621.0
137805.0
137778.0
137519.0
137263.0
137212.0
137066.0
136833.0
136716.0
136817.0
136971.0
137132.0
137213.0
137269.0
137205.0
137074.0
136989.0
137112.0
137255.0
137250.0
137126.0
136825.0
136476.0
136012.0
135613.0
135171.0
134747.0
134683.0
134703.0
134659.0
134806.0
135189.0
136139.0
136964.0
137612.0
137905.0
137999.0
137828.0
137593.0
137465.0
137433.0
137346.0
137508.0
137823.0
138052.0
137981.0
137889.0
137801.0
137522.0
137036.0
136145.0
135071.0
134084.0
133298.0
132903.0
132745.0
132773.0
132973.0
133689.0
134468.0
135323.0
136271.0
137039.0
137559.0
137873.0
138051.0
138316.0
138475.0
138426.0
138205.0
137833.0
137545.0
137393.0
137300.0
137376.0
137775.0
138349.0
138948.0
139382.0
139330.0
139164.0
139091.0
139064.0
139091.0
139042.0
139194.0
139322.0
139374.0
139456.0
139617.0
139685.0
139840.0
139905.0
139963.0
140092.0
140166.0
140158.0
140016.0
139676.0
139332.0
139041.0
138814.0
138621.0
138737.0
139095.0
139778.0
140526.0
141191.0
141717.0
142372.0
142936.0
143074.0
143027.0
142928.0
142784.0
142694.0
142682.0
142530.0
142325.0
142050.0
141746.0
141692.0
141725.0
141647.0
141432.0
141143.0
140942.0
140780.0
140644.0
140561.0
140662.0
140877.0
140991.0
140978.0
140919.0
141073.0
141251.0
141210.0
141319.0
141368.0
141348.0
141346.0
141409.0
141577.0
141711.0
141613.0
141528.0
141506.0
141416.0
141156.0
141079.0
141152.0
141354.0
141400.0
141370.0
141261.0
141261.0
141191.0
141101.0
141144.0
141117.0
140929.0
140992.0
141045.0
141246.0
141331.0
141346.0
141302.0
141341.0
141379.0
141384.0
141290.0
141306.0
141262.0
141122.0
141034.0
141192.0
141377.0
141456.0
141485.0
141447.0
141467.0
141331.0
141331.0
141369.0
141395.0
141529.0
141760.0
141738.0
141590.0
141527.0
141547.0
141460.0
141441.0
141452.0
141474.0
141563.0
141594.0
141614.0
141639.0
141577.0
141642.0
141655.0
141711.0
141875.0
142095.0
142135.0
142350.0
142502.0
142546.0
142464.0
142477.0
142381.0
142455.0
142474.0
142573.0
142755.0
142997.0
143172.0
143356.0
143562.0
143658.0
143709.0
143786.0
143755.0
143746.0
143898.0
144277.0
144493.0
144577.0
144555.0
144548.0
144794.0
144934.0
145014.0
145112.0
145265.0
145427.0
145269.0
145025.0
144958.0
144891.0
145009.0
145198.0
145571.0
145994.0
146218.0
146214.0
146221.0
146263.0
146456.0
146627.0
146730.0
146932.0
147146.0
147192.0
147084.0
146940.0
146837.0
146850.0
146786.0
146430.0
145836.0
144958.0
145537.0
